000000000000000000000000000000000
000000000000000000000000000000000
000000000000000000000000000000000
000000000000000000000000000000000
000011111110001101001011111110000
000010000010000011110010000010000
000010111010110000001010111010000
000010111010101011100010111010000
000010111010101101001010111010000
000010000010101011110010000010000
000011111110101010101011111110000
000000000000110110001000000000000
000010111110011111100011111000000
000001100000101111001001001000000
000011100010001001110100111110000
000000111000110010001001100000000
000011000111101111100110111100000
000010101001000011001001001000000
000010001011110011110100111110000
000010010001001010001001100000000
000010001111110011101111111100000
000000000000111011011000101000000
000011111110010011101010111110000
000010000010111100001000100110000
000010111010111111111111111000000
000010111010110101011110101110000
000010111010111011101001011010000
000010000010001100011100100010000
000011111110111111100001111110000
000000000000000000000000000000000
000000000000000000000000000000000
000000000000000000000000000000000
000000000000000000000000000000000
