00000000000000000000000000000
00000000000000000000000000000
00000000000000000000000000000
00000000000000000000000000000
00001111111011100011111110000
00001000001010001010000010000
00001011101000110010111010000
00001011101000110010111010000
00001011101011000010111010000
00001000001011010010000010000
00001111111010101011111110000
00000000000011101000000000000
00001110011011000111100110000
00001001110001101001101100000
00000101101110010011010100000
00000010110111011000110010000
00001011011011010010101010000
00000000000010010100100010000
00001111111000001111110100000
00001000001010100010111000000
00001011101001000111100000000
00001011101001001110011000000
00001011101011110011011110000
00001000001011001111011010000
00001111111010101100110110000
00000000000000000000000000000
00000000000000000000000000000
00000000000000000000000000000
00000000000000000000000000000
